

EASY_1 = [
    [0, 0, 4, 9, 0, 0, 0, 8, 5],
    [1, 0, 0, 8, 0, 0, 3, 0, 4],
    [0, 8, 3, 0, 6, 0, 0, 0, 0],
    [0, 0, 8, 0, 0, 0, 0, 0, 2],
    [0, 0, 0, 0, 0, 0, 0, 0, 0],
    [4, 0, 0, 0, 0, 0, 7, 0, 0],
    [0, 0, 0, 0, 3, 0, 5, 9, 0],
    [5, 0, 1, 0, 0, 7, 0, 0, 6],
    [7, 3, 0, 0, 0, 9, 4, 0, 0]
]

EASY_2 = [
    [0, 6, 0, 0, 0, 0, 0, 9, 0],
    [0, 0, 9, 2, 0, 7, 3, 0, 0],
    [0, 5, 0, 0, 0, 4, 0, 0, 6],
    [0, 0, 0, 0, 5, 0, 0, 0, 2],
    [3, 0, 5, 0, 0, 0, 7, 0, 1],
    [4, 0, 0, 0, 8, 0, 0, 0, 0],
    [5, 0, 0, 4, 0, 0, 0, 7, 0],
    [0, 0, 7, 9, 0, 6, 5, 0, 0],
    [0, 9, 0, 0, 0, 0, 0, 3, 0]
]

INTERMEDIATE_1 = [
    [2, 0, 0, 0, 6, 0, 0, 0, 1],
    [0, 5, 0, 2, 1, 7, 0, 3, 0],
    [0, 0, 0, 4, 0, 8, 0, 0, 0],
    [0, 6, 3, 0, 0, 0, 1, 5, 0],
    [5, 1, 0, 0, 0, 0, 0, 4, 9],
    [0, 2, 9, 0, 0, 0, 8, 6, 0],
    [0, 0, 0, 7, 0, 9, 0, 0, 0],
    [0, 7, 0, 1, 3, 6, 0, 9, 0],
    [3, 0, 0, 0, 2, 0, 0, 0, 6]
]

INTERMEDIATE_2 = [
    [0, 1, 0, 0, 0, 0, 0, 4, 0],
    [7, 0, 0, 8, 6, 0, 0, 0, 2],
    [0, 0, 0, 4, 0, 0, 0, 3, 7],
    [0, 2, 4, 0, 0, 0, 7, 0, 0],
    [0, 8, 0, 0, 9, 0, 0, 5, 4],
    [0, 0, 0, 0, 0, 2, 0, 0, 0],
    [0, 0, 0, 1, 0, 0, 9, 0, 0],
    [4, 0, 2, 0, 5, 0, 0, 7, 0],
    [0, 9, 1, 0, 7, 0, 0, 0, 8]
]

ADVANCED_1 = [
    [0, 0, 6, 0, 0, 1, 0, 4, 0],
    [0, 7, 4, 0, 6, 0, 0, 0, 1],
    [9, 5, 0, 0, 3, 8, 0, 0, 0],
    [0, 0, 0, 0, 0, 0, 2, 0, 3],
    [0, 2, 8, 0, 0, 0, 6, 9, 0],
    [6, 0, 3, 0, 0, 0, 0, 0, 0],
    [0, 0, 0, 1, 9, 0, 0, 7, 6],
    [4, 0, 0, 0, 5, 0, 1, 3, 0],
    [0, 1, 0, 8, 0, 0, 9, 0, 0]
]

ADVANCED_2 = [
    [3, 0, 0, 2, 0, 9, 0, 1, 0],
    [0, 2, 0, 3, 0, 0, 0, 0, 9],
    [0, 0, 0, 0, 6, 8, 0, 0, 0],
    [5, 4, 0, 0, 0, 0, 3, 0, 8],
    [0, 0, 9, 0, 5, 0, 2, 0, 0],
    [2, 0, 1, 0, 0, 0, 0, 6, 4],
    [0, 0, 0, 4, 9, 0, 0, 0, 0],
    [7, 0, 0, 0, 0, 6, 0, 2, 0],
    [0, 1, 0, 8, 0, 7, 0, 0, 6]
]

EVIL_1 = [
    [0, 4, 8, 0, 0, 0, 0, 0, 0],
    [5, 3, 6, 0, 2, 0, 4, 0, 0],
    [9, 0, 0, 1, 0, 0, 0, 0, 8],
    [0, 0, 0, 0, 0, 0, 5, 8, 0],
    [8, 0, 0, 0, 3, 0, 0, 0, 1],
    [0, 5, 7, 0, 0, 0, 0, 0, 0],
    [7, 0, 0, 0, 0, 9, 0, 0, 5],
    [0, 0, 1, 0, 7, 0, 2, 6, 3],
    [0, 0, 0, 0, 0, 0, 1, 9, 0]
]

EVIL_2 = [
    [0, 0, 0, 0, 0, 9, 0, 5, 0],
    [0, 0, 9, 1, 0, 0, 0, 0, 6],
    [0, 1, 0, 0, 5, 0, 0, 0, 0],
    [0, 8, 0, 5, 0, 2, 0, 3, 0],
    [0, 0, 2, 0, 0, 3, 0, 6, 8],
    [5, 0, 0, 8, 4, 0, 0, 7, 0],
    [0, 0, 0, 0, 0, 0, 4, 0, 3],
    [4, 0, 0, 9, 7, 1, 0, 0, 0],
    [0, 6, 0, 0, 2, 0, 7, 0, 0]
]